2.81726354453627170215668229502625763416290283203125
4.74655647382920076182699631317518651485443115234375
5.20110192837465579174249796778894960880279541015625
3.595041322314049381247968995012342929840087890625
3.34343434343434342537193515454418957233428955078125
2.961432506887052173993879478075541555881500244140625
3.727272727272727070868540977244265377521514892578125
4.8448117539026629430054526892490684986114501953125
4.7235996326905418385422308347187936305999755859375
5.4967860422405880882479323190636932849884033203125
4.44903581267217607120301181566901504993438720703125
2.864095500459136633963908025179989635944366455078125
3.354453627180900010529285282245837152004241943359375
4.8815426997245179308038132148794829845428466796875
3.460055096418732656360361943370662629604339599609375
4.82001836547291073742371736443601548671722412109375
3.168962350780532677418932507862336933612823486328125
4.4178145087236000421171411289833486080169677734375
4.121212121212121104463221854530274868011474609375
2.946740128558310356510219207848422229290008544921875
3.10376492194674025171252651489339768886566162109375
3.703397612488521506435290575609542429447174072265625
4.348025711662074854757520370185375213623046875
3.69054178145087252715939030167646706104278564453125
5.19283746556473868594139275955967605113983154296875
3.71717171717171712685967577272094786167144775390625
3.819100091827364540364442291320301592350006103515625
3.8393021120293848724713825504295527935028076171875
4.06152433425160719338009585044346749782562255859375
4.0762167125803490108637561206705868244171142578125
4.5812672176308542049127936479635536670684814453125
5.02112029384756652916621533222496509552001953125
3.450872359963268909410771811963059008121490478515625
2.79063360881542710245639682398177683353424072265625
3.758494031221303988132831364055164158344268798828125
5.468319559228650206250677001662552356719970703125
4.86685032139577611332015294465236365795135498046875
2.758494031221303988132831364055164158344268798828125
4.2819100091827362319918393041007220745086669921875
3.582185491276400401972068721079267561435699462890625
3.382001836547291251378055676468648016452789306640625
4.80440771349862227879157217103056609630584716796875
3.746556473829201205916206163237802684307098388671875
4.78604224058769478489239190821535885334014892578125
2.968778696051423526824919463251717388629913330078125
5.3057851239669417964250897057354450225830078125
5.22038567493112903861174345365725457668304443359375
4.44168962350780560655039153061807155609130859375
2.83838383838383823132289762725122272968292236328125
5.01193755739210278221662520081736147403717041015625
3.3709825528007346662207055487670004367828369140625
3.080808080808080884338551186374388635158538818359375
3.89348025711662071302043841569684445858001708984375
4.80716253443526131405860724044032394886016845703125
3.11202938475665735751363172312267124652862548828125
3.430670339761249021393041402916423976421356201171875
3.4765840220385673120517822098918259143829345703125
2.85674931129476572522207789006642997264862060546875
5.38751147842056976600133566535077989101409912109375
3.100091827364554575297006522305309772491455078125
2.91735537190082627745368881733156740665435791015625
4.19008264462809876249593799002468585968017578125
3.469237832874196403309952074778266251087188720703125
3.491276400367309573624652330181561410427093505859375
5.4609733700642788534196370164863765239715576171875
3.678604224058769300853555250796489417552947998046875
3.208448117539026700484328102902509272098541259765625
2.9081726354453625305040986859239637851715087890625
3.104683195592286448771801588009111583232879638671875
3.500459136822773320574242461589165031909942626953125
3.697887970615243435901220436790026724338531494140625
4.39302112029384783653540580417029559612274169921875
5.2975206611570246906239844975061714649200439453125
2.83838383838383823132289762725122272968292236328125
4.605142332415059769346044049598276615142822265625
3.303030303030303205247264486388303339481353759765625
3.119375573921028266255461858236230909824371337890625
3.235996326905417941333098497125320136547088623046875
5.04866850321395777001498572644777595996856689453125
4.2415059687786964559563784860074520111083984375
4.73278236914600558549182096612639725208282470703125
4.4132231404958677245531362132169306278228759765625
3.38842975206611551897140088840387761592864990234375
4.20385674931129482700953303719870746135711669921875
4.47015610651974260036922714789398014545440673828125
3.647382920110192827678474714048206806182861328125
4.3085399449035808316921247751452028751373291015625
3.263544536271809182181868891348131000995635986328125
3.91184573002754820691961867851205170154571533203125
2.87235996326905418385422308347187936305999755859375
4.15886134067952273341006730333901941776275634765625
5.23875114784205653251092371647246181964874267578125
5.32966023875114824903675980749540030956268310546875
4.046831955922865375896435580216348171234130859375
3.578512396694214725556548728491179645061492919921875
3.24609733700642788534196370164863765239715576171875
4.73737373737373701487740618176758289337158203125
4.30945821854912747284060969832353293895721435546875
3.087235996326905596021106248372234404087066650390625
2.8025711662075298846730220247991383075714111328125
3.478420569329660150259542206185869872570037841796875
3.75665748393021114992507136776112020015716552734375
4.104683195592286892861011438071727752685546875
5.38842975206611551897140088840387761592864990234375
5.368227731864095630953670479357242584228515625
5.18089990817263501554634785861708223819732666015625
4.56473829201101910513216353137977421283721923828125
4.7979797979797975671090171090327203273773193359375
5.110192837465564963395081576891243457794189453125
4.21120293847566617984057302237488329410552978515625
2.806244260789715116999332167324610054492950439453125
4.531680440771349793749322998337447643280029296875
5.12029384756657446331473693135194480419158935546875
5.1267217630853991749972919933497905731201171875
4.25068870523416020290596861741505563259124755859375
5.3287419651056016078882748843170702457427978515625
4.05142332415059680528202079585753381252288818359375
4.38842975206611551897140088840387761592864990234375
4.28466483011937526725887437351047992706298828125
2.9182736455463729186021737405098974704742431640625
3.332415059687786840214585026842541992664337158203125
4.784205693296602390773841761983931064605712890625
5.07805325987144140498230626690201461315155029296875
5.28558310376492190840735929668880999088287353515625
2.98806244260789721778337479918263852596282958984375
5.47382920110192827678474714048206806182861328125
4.16804407713498648035965743474662303924560546875
4.58769513314967891659534870996139943599700927734375
4.66942148760330599799317496945150196552276611328125
4.0872359963269051519318963983096182346343994140625
3.79614325068870517299046696280129253864288330078125
3.573002754820936655022478589671663939952850341796875
4.78236914600550999665529161575250327587127685546875
4.331496786042240643155309953726828098297119140625
4.52800734618916411733380300574935972690582275390625
4.52249770431588604679973286692984402179718017578125
3.79889807162534420825750203221105039119720458984375
4.11937557392102871034467170829884707927703857421875
2.785123966942148587833116835099644958972930908203125
5.1505968778696047394305423949845135211944580078125
3.88797061524334264248636827687732875347137451171875
4.50688705234159758816758767352439463138580322265625
3.55371900826446296406402325374074280261993408203125
3.275482093663911964398494092165492475032806396484375
4.57483930211202949323023858596570789813995361328125
5.247015610651974526490448624826967716217041015625
4.33333333333333303727386009995825588703155517578125
3.904499540863177298177788543398492038249969482421875
5.19283746556473868594139275955967605113983154296875
3.0523415977961434464305057190358638763427734375
4.963269054178145012201639474369585514068603515625
4.88337924701561032492236336111091077327728271484375
5.39577594123048687180244087358005344867706298828125
3.639118457300275277788159655756317079067230224609375
4.1763085399449035861607626429758965969085693359375
2.7685950413223139321416965685784816741943359375
2.840220385674931069530657623545266687870025634765625
3.5344352617079888290163580677472054958343505859375
5.3764921946740127367547756875865161418914794921875
4.09550045913682314591142130666412413120269775390625
5.44168962350780560655039153061807155609130859375
3.52249770431588604679973286692984402179718017578125
4.43526170798898089486783646862022578716278076171875
3.5289256198347107584822879289276897907257080078125
4.58310376492194659903134379419498145580291748046875
3.96418732782369165335012439754791557788848876953125
4.225895316804407997324233292602002620697021484375
2.809917355371900793414852159912697970867156982421875
3.79063360881542710245639682398177683353424072265625
5.447199265381083677084461669437587261199951171875
3.30945821854912747284060969832353293895721435546875
5.31404958677685979040461461408995091915130615234375
3.38567493112947648370436581899411976337432861328125
3.352617079889807172321525285951793193817138671875
3.18824609733700636837738784379325807094573974609375
3.967860422405876885676434540073387324810028076171875
3.22222222222222232090871330001391470432281494140625
3.354453627180900010529285282245837152004241943359375
3.25252525252525259702451876364648342132568359375
3.436179981634527091927111541735939681529998779296875
5.2497704315886135617574836942367255687713623046875
4.76216712580348922045914150658063590526580810546875
4.69329660238751156242642537108622491359710693359375
3.74839302112029404412396615953184664249420166015625
3.484848484848484861942097268183715641498565673828125
4.70615243342516098579153549508191645145416259765625
3.521579430670339849740457793814130127429962158203125
4.7979797979797975671090171090327203273773193359375
4.00367309458218567641551999258808791637420654296875
5.3021120293847570081879894132725894451141357421875
4.55831037649219439344960846938192844390869140625
4.15977961432506848638013252639211714267730712890625
3.300275482093663725891019566915929317474365234375
4.15335169880624466287599716451950371265411376953125
4.651974288337925145242479629814624786376953125
4.3654729109274565956866354099474847316741943359375
3.489439853076216735416892333887517452239990234375
3.142332415059687633629437186755239963531494140625
4.84297520661157054888690254301764070987701416015625
4.6813590449954087802098001702688634395599365234375
3.220385674931129482700953303719870746135711669921875
3.447199265381083677084461669437587261199951171875
3.211202938475665735751363172312267124652862548828125
3.8870523415977960013378833536989986896514892578125
2.8181818181818183433051672182045876979827880859375
3.354453627180900010529285282245837152004241943359375
5.42148760330578483035424142144620418548583984375
4.6078971533516988046130791190080344676971435546875
4.100091827364554575297006522305309772491455078125
4.90449954086317685408857869333587586879730224609375
4.637281910009182439580399659462273120880126953125
5.299357208448117972920954343862831592559814453125
3.117539026629935872136911712004803121089935302734375
4.0495867768595044111634706496261060237884521484375
4.111111111111110716365146799944341182708740234375
4.25160697887970595587603384046815335750579833984375
3.403122130394857780544271008693613111972808837890625
4.0321395775941226702343556098639965057373046875
4.33241505968778728430379487690515816211700439453125
4.33516988062442631957082994631491601467132568359375
3.50413223140495855290055260411463677883148193359375
5.07346189164370997559672105126082897186279296875
3.679522497704315942002040173974819481372833251953125
3.42516069788797050676976141403429210186004638671875
4.87970615243342553668526306864805519580841064453125
3.770431588613406770349456564872525632381439208984375
4.594123048668503628277903771959245204925537109375
5.39393939393939358950547102722339332103729248046875
4.35445362718089956644007543218322098255157470703125
4.989898989898989611901924945414066314697265625
3.09090909090909082834741639089770615100860595703125
3.350780532598714334113765289657749235630035400390625
3.472910927456382079725472067366354167461395263671875
3.41689623507805340096865620580501854419708251953125
3.21946740128558328564167823060415685176849365234375
4.03122130394857691726429038681089878082275390625
3.373737373737373701487740618176758289337158203125
4.15702479338842945111309745698235929012298583984375
5.32966023875114824903675980749540030956268310546875
3.022038567493112726225490405340678989887237548828125
2.87786960514233225438829322229139506816864013671875
3.60146923783287409293052405701018869876861572265625
3.236914600550964138392373570241034030914306640625
4.19651056014692347417849305202253162860870361328125
5.41689623507805340096865620580501854419708251953125
3.71717171717171712685967577272094786167144775390625
4.72543617998163423266078098095022141933441162109375
3.23783287419651077954085849341936409473419189453125
3.66299357208448128631061990745365619659423828125
3.0339761248852159525313254562206566333770751953125
4.20385674931129482700953303719870746135711669921875
4.373737373737373701487740618176758289337158203125
3.43158861340679521845231647603213787078857421875
3.12488521579430678087874184711836278438568115234375
4.21671258034894425037464316119439899921417236328125
2.816345270890725505097407221910543739795684814453125
4.3553719008264462075885603553615510463714599609375
5.0394857667584940230653955950401723384857177734375
3.94857667584940319471797920414246618747711181640625
3.8503213957759410135395228280685842037200927734375
3.4866850321395777001498572644777595996856689453125
5.4187327823691457950872063520364463329315185546875
5.279155188246097196724804234690964221954345703125
4.5996326905417816988119739107787609100341796875
4.699724517906336274108980433084070682525634765625
3.983471074380165344308579733478836715221405029296875
4.76767676767676729099321164540015161037445068359375
3.353535353535353369380800359067507088184356689453125
4.6969696969696972388419453636743128299713134765625
2.776859504132231482032011626870371401309967041015625
3.272727272727272929131459022755734622478485107421875
3.195592286501377277119217978906817734241485595703125
4.81450872359963266688964722561649978160858154296875
3.448117539026629874143736742553301155567169189453125
5.2130394857667585739591231686063110828399658203125
3.697887970615243435901220436790026724338531494140625
4.573921028466482852081753662787377834320068359375
3.099173553719008378237731449189595878124237060546875
3.843893480257116745946177616133354604244232177734375
4.40863177226813629516755099757574498653411865234375
4.88337924701561032492236336111091077327728271484375
3.375573921028466539695500614470802247524261474609375
4.6978879706152429918120105867274105548858642578125
3.488521579430670538357617260771803557872772216796875
3.43158861340679521845231647603213787078857421875
3.381083562901744610229570753290317952632904052734375
4.9926538108356286471689600148238241672515869140625
4.2029384756657481858610481140203773975372314453125
5.37741046831955937790326061076484620571136474609375
4.17998163452708926257628263556398451328277587890625
5.2314049586776860678583034314215183258056640625
3.0817263544536270813978262594901025295257568359375
3.831037649219467322581067492137663066387176513671875
3.192837465564738241852182909497059881687164306640625
3.4444444444444446418174266000278294086456298828125
3.74747474747474740297548123635351657867431640625
3.273645546372819126190734095871448516845703125
3.94582185491276415945094413473270833492279052734375
3.591368227731864148921658852486871182918548583984375
5.11386593204775063981060156947933137416839599609375
3.39577594123048687180244087358005344867706298828125
3.7713498622589529674087316379882395267486572265625
2.8659320477502294721716680214740335941314697265625
3.591368227731864148921658852486871182918548583984375
4.0238751147842055644332504016347229480743408203125
4.55647382920110199933105832315050065517425537109375
3.345270890725436263579695150838233530521392822265625
5.28282828282828287314032422727905213832855224609375
5.48393021120293866488282219506800174713134765625
4.51698806244260797626566272811032831668853759765625
3.487603305785123897209132337593473494052886962890625
2.84205693296602390773841761983931064605712890625
3.089072543617997990139656394603662192821502685546875
4.65381083562901753936102977604605257511138916015625
5.33792470156106535483786501572467386722564697265625
4.58494031221303988132831364055164158344268798828125
4.5968778696051426635449388413690030574798583984375
4.9761248852157944355667495983652770519256591796875
4.11662075298438967507763663888908922672271728515625
3.262626262626262541033383968169800937175750732421875
4.73645546372819126190734095871448516845703125
4.13498622589531716897681690170429646968841552734375
3.9972451790633609647329649305902421474456787109375
3.57208448117539045796320351655595004558563232421875
4.56841138659320478154768352396786212921142578125
3.9081726354453625305040986859239637851715087890625
3.7970615243342518141389518859796226024627685546875
3.879706152433425092596053218585439026355743408203125
3.6345270890725434043133645900525152683258056640625
3.16437098255280080394413744215853512287139892578125
4.5794306703397609226158238016068935394287109375
3.74839302112029404412396615953184664249420166015625
4.52617079889807172321525285951793193817138671875
2.9476584022038565535694942809641361236572265625
4.8916437098255283189018882694654166698455810546875
4.0661157024793386227656810660846531391143798828125
5.0651974288337928697956158430315554141998291015625
4.23048668503213942670981850824318826198577880859375
3.0238751147842055644332504016347229480743408203125
5.1267217630853991749972919933497905731201171875
2.89898989898989878355450855451636016368865966796875
3.21212121212121193281063824542798101902008056640625
5.47015610651974260036922714789398014545440673828125
3.110192837465564519305871726828627288341522216796875
3.682277318640954977269075243384577333927154541015625
5.2865013774104685495558442198671400547027587890625
4.86409550045913707805311787524260580539703369140625
3.742883379247015529500686170649714767932891845703125
5.45454545454545414173708195448853075504302978515625
4.4389348025711665712833564612083137035369873046875
2.99632690541781432358448000741191208362579345703125
2.965105601469237850409399470663629472255706787109375
3.022956841138659367373975328519009053707122802734375
3.096418732782369342970696379779838025569915771484375
4.59320477502295698712941884878091514110565185546875
3.177226813590449783220037716091610491275787353515625
4.52800734618916411733380300574935972690582275390625
3.31680440771349882567164968349970877170562744140625
4.41689623507805340096865620580501854419708251953125
4.82552800734618880795778750325553119182586669921875
3.649219467401285665886234710342250764369964599609375
3.915518824609733883335138671100139617919921875
5.29109274563819997894142943550832569599151611328125
3.67768595041322310379428017768077552318572998046875
3.404958677685950618752031004987657070159912109375
4.8732782369146008250027080066502094268798828125
4.1469237832874199511934421025216579437255859375
3.383838383838383645496605822700075805187225341796875
3.90633608815427013638554853969253599643707275390625
3.870523415977961345646463087177835404872894287109375
4.71441689623507809159264070331119000911712646484375
4.2865013774104685495558442198671400547027587890625
4.41505968778696011867168635944835841655731201171875
4.1028466483011936105640415917150676250457763671875
2.941230486685032285976149069028906524181365966796875
4.4132231404958677245531362132169306278228759765625
5.03122130394857691726429038681089878082275390625
3.584940312213039437239103790489025413990020751953125
4.94857667584940319471797920414246618747711181640625
5.0945821854912765047629363834857940673828125
3.670339761248852195052450042567215859889984130859375
5.2341597796143251031253385008312761783599853515625
3.716253443526170929800400699605233967304229736328125
3.539944903581267343639638056629337370395660400390625
3.703397612488521506435290575609542429447174072265625
5.132231404958677245531362132169306278228759765625
3.72268135904499519739374591154046356678009033203125
4.33792470156106535483786501572467386722564697265625
5.32506887052341593147275489172898232936859130859375
5.10192837465564696941555666853673756122589111328125
4.594123048668503628277903771959245204925537109375
3.071625344352617137388961054966785013675689697265625
4.17171717171717215677517742733471095561981201171875
3.421487603305785274443451271508820354938507080078125
5.24058769513314981480789356282912194728851318359375
3.8080808080808079552070921636186540126800537109375
5.437098255280073288986386614851653575897216796875
4.32782369146005496673978996113874018192291259765625
2.970615243342515920943469609483145177364349365234375
4.92011019283746531272072388674132525920867919921875
3.33700642791551871368938009254634380340576171875
4.4977043158861338412179975421167910099029541015625
2.8659320477502294721716680214740335941314697265625
3.745638200183654564767721240059472620487213134765625
4.17998163452708926257628263556398451328277587890625
3.025711662075298402641010397928766906261444091796875
3.952249770431588427044289346667937934398651123046875
3.962350780532598815142364401253871619701385498046875
3.48576675849403105900137234129942953586578369140625
3.190082644628099206585147840087302029132843017578125
4.1368227731864095630953670479357242584228515625
5.2130394857667585739591231686063110828399658203125
3.4288337924701561831852814066223800182342529296875
4.2865013774104685495558442198671400547027587890625
3.90909090909090917165258360910229384899139404296875
4.37557392102846609560629076440818607807159423828125
3.973370064279155400299714528955519199371337890625
5.4949494949494948059509624727070331573486328125
3.878787878787878895536778145469725131988525390625
3.111111111111111160454356650006957352161407470703125
4.7125803489439856974740905570797622203826904296875
3.892561983471074515961163342581130564212799072265625
5.0606060606060605522316109272651374340057373046875
3.29476584022038565535694942809641361236572265625
3.57483930211202949323023858596570789813995361328125
3.0128558310376494233651101239956915378570556640625
4.39853076216712590706947594298981130123138427734375
3.481175390266299185526577275595627725124359130859375
5.38934802571166216011988581158220767974853515625
5.046831955922865375896435580216348171234130859375
5.32966023875114824903675980749540030956268310546875
4.4242424242424238656212764908559620380401611328125
3.9338842975206613772343189339153468608856201171875
5.01652892561983509978063011658377945423126220703125
4.4609733700642788534196370164863765239715576171875
5.16161616161616176867710237274877727031707763671875
2.816345270890725505097407221910543739795684814453125
5.0339761248852159525313254562206566333770751953125
5.289256198347107584822879289276897907257080078125
4.8135904499540860257411623024381697177886962890625
3.274563820018365323250009168987162411212921142578125
3.731864095500458944343336042948067188262939453125
4.299357208448117972920954343862831592559814453125
5.3076216712580350787220595520921051502227783203125
3.537190082644628308372602987219579517841339111328125
4.1606978879706151275286174495704472064971923828125
3.38567493112947648370436581899411976337432861328125
3.65656565656565657462806484545581042766571044921875
3.518824609733700814473422724404372274875640869140625
4.594123048668503628277903771959245204925537109375
5.16988062442607887447820758097805082798004150390625
3.93296602387511473608583401073701679706573486328125
3.822773186409550216779962283908389508724212646484375
5.0550964187327824816975407884456217288970947265625
3.132231404958677689620571982231922447681427001953125
4.520661157024793652681182720698416233062744140625
4.86409550045913707805311787524260580539703369140625
3.570247933884297619755443520261906087398529052734375
3.64370982552800715126295472146011888980865478515625
5.068870523415977658032716135494410991668701171875
4.95684113865932030051908441237173974514007568359375
3.965105601469237850409399470663629472255706787109375
3.111111111111111160454356650006957352161407470703125
4.500459136822772876485032611526548862457275390625
3.421487603305785274443451271508820354938507080078125
3.767676767676767735082421495462767779827117919921875
3.709825528007346218117845637607388198375701904296875
2.810835629017446990474127233028411865234375
4.1505968778696047394305423949845135211944580078125
4.94031221303948608891687399591319262981414794921875
4.06244260789715294635016107349656522274017333984375
4.5656565656565657462806484545581042766571044921875
4.4609733700642788534196370164863765239715576171875
4.39853076216712590706947594298981130123138427734375
4.43617998163452664783790169167332351207733154296875
3.015610651974288458632145193405449390411376953125
5.394857667584940230653955950401723384857177734375
3.68319559228650117432835031650029122829437255859375
4.810835629017446990474127233028411865234375
3.937557392102846609560629076440818607807159423828125
3.912764003673094403978893751627765595912933349609375
5.48025711662075298846730220247991383075714111328125
5.47750229568411395320026713307015597820281982421875
5.19651056014692347417849305202253162860870361328125
2.915518824609733883335138671100139617919921875
4.78236914600550999665529161575250327587127685546875
3.403122130394857780544271008693613111972808837890625
4.816345270890725061008197371847927570343017578125
2.7603305785123968263405913603492081165313720703125
5.1230486685032143867601917008869349956512451171875
5.18549127640036733311035277438350021839141845703125
4.57024793388429717566623367019928991794586181640625
4.27731864095500480260625408845953643321990966796875
5.321395775941230255057234899140894412994384765625
2.83011937557392112552179241902194917201995849609375
5.16437098255280080394413744215853512287139892578125
4.542699724517905934817463275976479053497314453125
4.2341597796143251031253385008312761783599853515625
4.96235078053259837105315455119125545024871826171875
2.852157943067033851747282824362628161907196044921875
4.05693296602387487581609093467704951763153076171875
4.09550045913682314591142130666412413120269775390625
5.40863177226813629516755099757574498653411865234375
3.21212121212121193281063824542798101902008056640625
5.42699724517906378906673126039095222949981689453125
4.98071625344352586495233481400646269321441650390625
5.1395775941230485983624021173454821109771728515625
5.06244260789715294635016107349656522274017333984375
4.76400367309458250275611135293729603290557861328125
5.12580348943985342202722677029669284820556640625
5.0449954086317720935994657338596880435943603515625
2.8292011019283744843733074958436191082000732421875
3.841138659320477710679142546723596751689910888671875
5.0606060606060605522316109272651374340057373046875
3.302112029384756564098779563209973275661468505859375
3.87786960514233225438829322229139506816864013671875
3.3498622589531681370544902165420353412628173828125
2.9577594123048669416675693355500698089599609375
4.9127640036730948480681036016903817653656005859375
4.49311294765840241183241232647560536861419677734375
3.72268135904499519739374591154046356678009033203125
4.06703397612488526391416598926298320293426513671875
3.268135904499541055656663957051932811737060546875
2.776859504132231482032011626870371401309967041015625
4.96418732782369165335012439754791557788848876953125
4.73002754820936655022478589671663939952850341796875
5.2552800734618916322915538330562412738800048828125
5.14325068870523427477792210993357002735137939453125
3.299357208448117528831744493800215423107147216796875
5.3131313131313131492561296909116208553314208984375
3.126721763085399619086501843412406742572784423828125
2.973370064279155400299714528955519199371337890625
4.7079889807162533799100856413133442401885986328125
4.7291092745638199090763009735383093357086181640625
4.07529843893480236971527119749225676059722900390625
5.42516069788797050676976141403429210186004638671875
3.85674931129476572522207789006642997264862060546875
4.82828282828282784322482257266528904438018798828125
4.65656565656565657462806484545581042766571044921875
2.819100091827364540364442291320301592350006103515625
2.989898989898990055991134795476682484149932861328125
5.24058769513314981480789356282912194728851318359375
4.68595041322314020959538538591004908084869384765625
4.089072543617998434228866244666278362274169921875
4.26262626262626298512259381823241710662841796875
4.85123966942148765468800775124691426753997802734375
5.4499540863177227123514967388473451137542724609375
2.871441689623507986794948010356165468692779541015625
4.72176308539944944442368068848736584186553955078125
4.73829201101928365602589110494591295719146728515625
3.408631772268135851078341147513128817081451416015625
3.45270890725436174761853180825710296630859375
4.8393021120293848724713825504295527935028076171875
3.47750229568411395320026713307015597820281982421875
4.54086317722681354069891312974505126476287841796875
5.45179063360881510647004688507877290248870849609375
4.86225895316804379575614802888594567775726318359375
3.48393021120293866488282219506800174713134765625
5.24058769513314981480789356282912194728851318359375
3.02112029384756652916621533222496509552001953125
4.33700642791551871368938009254634380340576171875
5.50413223140495855290055260411463677883148193359375
5.0027548209366390352670350694097578525543212890625
5.162534435261708409825587295927107334136962890625
3.700642791551882471168255506199784576892852783203125
4.815426997245179308038132148794829845428466796875
3.402203856749311139395786085515283048152923583984375
2.95133149678604222998501427355222404003143310546875
3.2497704315886135617574836942367255687713623046875
3.77502295684113864382425163057632744312286376953125
4.3076216712580350787220595520921051502227783203125
3.894398530762166910079713488812558352947235107421875
3.8025711662075298846730220247991383075714111328125
3.563820018365472908072888458264060318470001220703125
3.487603305785123897209132337593473494052886962890625
2.788797061524334264248636827687732875347137451171875
3.900826446280991621762268550810404121875762939453125
4.9972451790633609647329649305902421474456787109375
5.19926538108356250944552812143228948116302490234375
3.733700642791551782551096039242111146450042724609375
3.415059687786960562760896209510974586009979248046875
4.05968778696051391108312600408680737018585205078125
4.6942148760330582035749102942645549774169921875
4.28282828282828287314032422727905213832855224609375
3.11570247933884303392915171571075916290283203125
3.481175390266299185526577275595627725124359130859375
5.15794306703397609226158238016068935394287109375
4.5968778696051426635449388413690030574798583984375
2.99081726354453625305040986859239637851715087890625
4.6290174471992653337792944512329995632171630859375
3.451790633608815550559256735141389071941375732421875
3.919191919191919115661448813625611364841461181640625
5.089072543617998434228866244666278362274169921875
3.99357208448117528831744493800215423107147216796875
5.13865932047750195721391719416715204715728759765625
4.08539944903581275781334625207819044589996337890625
4.4178145087236000421171411289833486080169677734375
4.4655647382920111709836419322527945041656494140625
2.989898989898990055991134795476682484149932861328125
4.320477502295684502087169676087796688079833984375
5.07805325987144140498230626690201461315155029296875
5.45454545454545414173708195448853075504302978515625
3.539944903581267343639638056629337370395660400390625
3.79063360881542710245639682398177683353424072265625
5.45087235996326935349998166202567517757415771484375
4.162534435261708409825587295927107334136962890625
5.31955922865013786093868475290946662425994873046875
4.27272727272727248504224917269311845302581787109375
2.78053259871441671435832176939584314823150634765625
4.0707070707070709403296859818510711193084716796875
3.8760330578512398602697430760599672794342041015625
3.5555555555555553581825733999721705913543701171875
4.29384756657483901420846450491808354854583740234375
3.12213039485766774561170677770860493183135986328125
3.98806244260789721778337479918263852596282958984375
2.784205693296602390773841761983931064605712890625
5.11937557392102871034467170829884707927703857421875
4.90358126721763110111851347028277814388275146484375
4.92745638200183666555176387191750109195709228515625
4.65656565656565657462806484545581042766571044921875
4.11753902662993542804770186194218695163726806640625
5.37924701561065177202181075699627399444580078125
3.3076216712580350787220595520921051502227783203125
3.479338842975206791408027129364199936389923095703125
4.6189164370982549456812193966470658779144287109375
3.121212121212121104463221854530274868011474609375
5.41138659320477533043458606698550283908843994140625
3.323232323232323093264994895434938371181488037109375
3.098255280073461737089246526011265814304351806640625
2.876951331496786057329018149175681173801422119140625
3.65932047750229560989509991486556828022003173828125
3.867768595041322310379428017768077552318572998046875
3.42240587695133147150272634462453424930572509765625
2.76216712580348922045914150658063590526580810546875
3.940312213039485644827664145850576460361480712890625
3.468319559228650206250677001662552356719970703125
4.321395775941230255057234899140894412994384765625
5.121212121212121104463221854530274868011474609375
4.5812672176308542049127936479635536670684814453125
4.67768595041322310379428017768077552318572998046875
3.90633608815427013638554853969253599643707275390625
5.19008264462809876249593799002468585968017578125
3.08539944903581275781334625207819044589996337890625
2.899908172635445424702993477694690227508544921875
4.08356290174472036369479610584676265716552734375
4.33057851239669400200682503054849803447723388671875
2.913682277318641045127378674806095659732818603515625
3.40128558310376494233651101239956915378570556640625
3.001836547291092838207759996294043958187103271484375
3.828282828282828287314032422727905213832855224609375
2.81726354453627170215668229502625763416290283203125
4.40128558310376494233651101239956915378570556640625
3.737373737373737458966616031830199062824249267578125
3.590449954086317507773173929308541119098663330078125
3.87235996326905418385422308347187936305999755859375
5.4003673094582183011880260892212390899658203125
4.42791551882460954203679648344404995441436767578125
3.0762167125803490108637561206705868244171142578125
5.478420569329660594348752056248486042022705078125
4.02754820936639124084877039422281086444854736328125
5.50688705234159758816758767352439463138580322265625
5.3553719008264462075885603553615510463714599609375
3.18549127640036733311035277438350021839141845703125
2.85950413223140476048911295947618782520294189453125
4.82552800734618880795778750325553119182586669921875
4.4600550964187331004495717934332787990570068359375
5.44811753902663031823294659261591732501983642578125
4.22222222222222232090871330001391470432281494140625
3.694214876033057759485700444201938807964324951171875
3.03030303030303027611580546363256871700286865234375
4.794306703397612778871916816569864749908447265625
3.400367309458218745277235939283855259418487548828125
4.0128558310376494233651101239956915378570556640625
5.3663911845730023486567006330005824565887451171875
2.81726354453627170215668229502625763416290283203125
3.71717171717171712685967577272094786167144775390625
5.0918273645546374694959013140760362148284912109375
4.67033976124885175096324019250459969043731689453125
4.53351698806244218786787314456887543201446533203125
4.08815426997245179308038132148794829845428466796875
5.2213039485766756797602283768355846405029296875
3.599632690541781254722764060716144740581512451171875
2.77226813590449960855721656116656959056854248046875
4.3810835629017450543187806033529341220855712890625
4.2708907254361800909236990264616906642913818359375
3.731864095500458944343336042948067188262939453125
3.06978879706152429918120105867274105548858642578125
4.0128558310376494233651101239956915378570556640625
3.42791551882460954203679648344404995441436767578125
4.79614325068870517299046696280129253864288330078125
3.912764003673094403978893751627765595912933349609375
2.91735537190082627745368881733156740665435791015625
3.180899908172635459635557708679698407649993896484375
3.11570247933884303392915171571075916290283203125
3.621671258034894425037464316119439899921417236328125
4.9715335169880621180027446825988590717315673828125
4.6657483930211203215776549768634140491485595703125
5.33792470156106535483786501572467386722564697265625
5.2029384756657481858610481140203773975372314453125
3.28833792470156094367439436609856784343719482421875
3.07254361799816333444823612808249890804290771484375
4.80165289256198324352453710162080824375152587890625
3.426078971533517147918246337212622165679931640625
5.16712580348943983921117251156829297542572021484375
5.20661157024793386227656810660846531391143798828125
5.46923783287419684739916192484088242053985595703125
3.83562901744719919605586255784146487712860107421875
5.236914600550964138392373570241034030914306640625
3.199265381083562953534737971494905650615692138671875
2.83838383838383823132289762725122272968292236328125
3.457300275482093621093326873960904777050018310546875
3.220385674931129482700953303719870746135711669921875
3.175390266299357389101487569860182702541351318359375
3.120293847566574907403946781414560973644256591796875
3.475665748393021114992507136776112020015716552734375
5.478420569329660594348752056248486042022705078125
3.207529843893480059335843179724179208278656005859375
4.67309458218549167440869496203958988189697265625
5.02112029384756652916621533222496509552001953125
5.4444444444444446418174266000278294086456298828125
3.387511478420569321912125815288163721561431884765625
4.53259871441689643489780792151577770709991455078125
2.8631772268135904369046329520642757415771484375
3.88521579430670360721933320746757090091705322265625
4.3057851239669417964250897057354450225830078125
3.91735537190082627745368881733156740665435791015625
4.2213039485766756797602283768355846405029296875
2.874196510560147022061983079765923321247100830078125
5.13039485766758485141281198593787848949432373046875
5.0293847566574836349673205404542386531829833984375
5.4205693296602390773841761983931064605712890625
4.23324150596877846197685357765294611454010009765625
3.83838383838383823132289762725122272968292236328125
5.067952249770431905062650912441313266754150390625
5.18089990817263501554634785861708223819732666015625
2.761248852157943023399866433464922010898590087890625
3.98806244260789721778337479918263852596282958984375
2.98806244260789721778337479918263852596282958984375
5.26170798898071634397410889505408704280853271484375
3.35629017447199284873704527853988111019134521484375
4.4205693296602390773841761983931064605712890625
4.29476584022038565535694942809641361236572265625
5.28282828282828287314032422727905213832855224609375
3.424242424242424309710486340918578207492828369140625
5.29843893480257133177246942068450152873992919921875
4.4205693296602390773841761983931064605712890625
4.36455463728190995453815048676915466785430908203125
4.98071625344352586495233481400646269321441650390625
3.530762167125803596690047925221733748912811279296875
4.69880624426078963296049550990574061870574951171875
3.792470156106519940664156820275820791721343994140625
5.38016528925619841317029568017460405826568603515625
3.336088154269972516630105019430629909038543701171875
2.86960514233241514858718801406212151050567626953125
3.326905417814508769680514888023026287555694580078125
4.2552800734618916322915538330562412738800048828125
4.29292929292929326123839928186498582363128662109375
5.162534435261708409825587295927107334136962890625
2.9054178145087234952370636165142059326171875
4.321395775941230255057234899140894412994384765625
4.16437098255280080394413744215853512287139892578125
5.40955004591368204813761622062884271144866943359375
5.3810835629017450543187806033529341220855712890625
3.05142332415059680528202079585753381252288818359375
4.4977043158861338412179975421167910099029541015625
4.1395775941230485983624021173454821109771728515625
5.2029384756657481858610481140203773975372314453125
4.17447199265381119204221249674446880817413330078125
4.79889807162534420825750203221105039119720458984375
4.5032139577594119117520676809363067150115966796875
5.44628099173553703593597674625925719738006591796875
2.967860422405876885676434540073387324810028076171875
4.30486685032139604345502448268234729766845703125
4.7915518824609737436048817471601068973541259765625
4.27548209366391152030928424210287630558013916015625
3.438934802571166127194146611145697534084320068359375
4.7603305785123968263405913603492081165313720703125
3.16161616161616176867710237274877727031707763671875
5.3388429752066119959863499389030039310455322265625
3.0550964187327824816975407884456217288970947265625
3.66942148760330599799317496945150196552276611328125
4.41965105601469243623569127521477639675140380859375
2.84848484848484861942097268183715641498565673828125
3.73278236914600558549182096612639725208282470703125
4.46648301193755781213212685543112456798553466796875
4.37924701561065177202181075699627399444580078125
5.32782369146005496673978996113874018192291259765625
5.273645546372819126190734095871448516845703125
4.09641873278236889888148652971722185611724853515625
3.296602387511478493564709424390457570552825927734375
5.342516069788796784223450231365859508514404296875
4.93847566574839280661990414955653250217437744140625
3.929292929292929503759523868211545050144195556640625
4.1230486685032143867601917008869349956512451171875
3.460973370064279297508846866548992693424224853515625
4.94398530762167087715397428837604820728302001953125
2.8815426997245179308038132148794829845428466796875
5.02020202020201988801773040904663503170013427734375
4.62167125803489398094825446605682373046875
3.257116620752984470499313829350285232067108154296875
3.71992653810835616212671084213070571422576904296875
5.2213039485766756797602283768355846405029296875
4.71533516988062473274112562648952007293701171875
5.0651974288337928697956158430315554141998291015625
5.25160697887970595587603384046815335750579833984375
4.73645546372819126190734095871448516845703125
4.49862258953168048236648246529512107372283935546875
3.26170798898071634397410889505408704280853271484375
3.605142332415059769346044049598276615142822265625
5.19559228650137772120842782896943390369415283203125
5.19559228650137772120842782896943390369415283203125
4.21028466483011953869208809919655323028564453125
5.29660238751147804947549957432784140110015869140625
4.71441689623507809159264070331119000911712646484375
3.77777777777777767909128669998608529567718505859375
3.086317722681358954872621325193904340267181396484375
4.34710743801652910178745514713227748870849609375
5.2708907254361800909236990264616906642913818359375
2.862258953168044239845357878948561847209930419921875
3.26170798898071634397410889505408704280853271484375
2.78971533516988046130791190080344676971435546875
4.273645546372819126190734095871448516845703125
4.84297520661157054888690254301764070987701416015625
4.9494949494949498358664641273207962512969970703125
4.15794306703397609226158238016068935394287109375
5.21120293847566617984057302237488329410552978515625
4.06978879706152429918120105867274105548858642578125
4.05968778696051391108312600408680737018585205078125
3.89623507805325974828747348510660231113433837890625
3.855831037649219528162802816950716078281402587890625
3.2213039485766756797602283768355846405029296875
3.87235996326905418385422308347187936305999755859375
3.630853994490358171987054447527043521404266357421875
3.883379247015610769011573211173526942729949951171875
5.05601469237832912284602571162395179271697998046875
3.898071625344352586495233481400646269321441650390625
4.5022956841138661587820024578832089900970458984375
4.82001836547291073742371736443601548671722412109375
4.85123966942148765468800775124691426753997802734375
3.502295684113865714692792607820592820644378662109375
4.45362718089990838876701673143543303012847900390625
5.2874196510560143025259094429202377796173095703125
2.800734618916437046465262028505094349384307861328125
4.3397612488521577489564151619561016559600830078125
2.929292929292929503759523868211545050144195556640625
2.87235996326905418385422308347187936305999755859375
4.19100091827364540364442291320301592350006103515625
3.12213039485766774561170677770860493183135986328125
4.479338842975206347318817279301583766937255859375
2.805325987144168919940057094208896160125732421875
4.636363636363636686610334436409175395965576171875
4.00183654729109239411855014623142778873443603515625
3.190082644628099206585147840087302029132843017578125
3.55371900826446296406402325374074280261993408203125
4.44077134986225896540190660743974149227142333984375
5.39944903581267254821796086616814136505126953125
5.24334251606978885007492863223887979984283447265625
4.9550045913682279064005342661403119564056396484375
5.14784205693296570416350732557475566864013671875
3.73829201101928365602589110494591295719146728515625
4.66483011937557368042917005368508398532867431640625
3.323232323232323093264994895434938371181488037109375
3.970615243342515920943469609483145177364349365234375
3.9393939393939394477683890727348625659942626953125
3.17263544536271790974524265038780868053436279296875
3.685950413223140653684595235972665250301361083984375
4.59044995408631795186238377937115728855133056640625
3.09366391184572986361445146030746400356292724609375
4.5179063360881546174141476512886583805084228515625
3.4655647382920111709836419322527945041656494140625
2.776859504132231482032011626870371401309967041015625
3.06703397612488526391416598926298320293426513671875
4.9862258953168048236648246529512107372283935546875
4.594123048668503628277903771959245204925537109375
5.19651056014692347417849305202253162860870361328125
3.279155188246097196724804234690964221954345703125
5.47015610651974260036922714789398014545440673828125
4.784205693296602390773841761983931064605712890625
5.15702479338842945111309745698235929012298583984375
4.65105601469237850409399470663629472255706787109375
4.35720844811753860170711050159297883510589599609375
3.274563820018365323250009168987162411212921142578125
4.5500459136822772876485032611526548862457275390625
3.62993572084481197492777937441132962703704833984375
5.35629017447199284873704527853988111019134521484375
4.3131313131313131492561296909116208553314208984375
3.45638200183654742403405180084519088268280029296875
3.068870523415978102121925985557027161121368408203125
3.5812672176308542049127936479635536670684814453125
4.0238751147842055644332504016347229480743408203125
4.8236914600550964138392373570241034030914306640625
4.9182736455463729186021737405098974704742431640625
5.27823691460055055557631931151263415813446044921875
3.710743801652892415177120710723102092742919921875
4.3452708907254358194904853007756173610687255859375
3.415977961432506759820171282626688480377197265625
4.28282828282828287314032422727905213832855224609375
3.594123048668503184188693921896629035472869873046875
5.341597796143251031253385008312761783599853515625
4.489439853076216735416892333887517452239990234375
3.324150596877869734413479818613268435001373291015625
5.363636363636363313389665563590824604034423828125
3.031221303948576473175080536748282611370086669921875
4.15426997245179041584606238757260143756866455078125
3.22497704315886135617574836942367255687713623046875
3.441689623507805162461181680555455386638641357421875
3.037649219467401184857635598746128380298614501953125
4.521579430670339405651247943751513957977294921875
2.96694214876033068861715946695767343044281005859375
3.84573002754820958415393761242739856243133544921875
5.2341597796143251031253385008312761783599853515625
5.17539026629935694501227771979756653308868408203125
3.31680440771349882567164968349970877170562744140625
2.892561983471074515961163342581130564212799072265625
3.901744719926538262910753473988734185695648193359375
3.3921028466483011953869208809919655323028564453125
5.43158861340679521845231647603213787078857421875
4.9237832874196509891362438793294131755828857421875
3.15426997245179041584606238757260143756866455078125
2.90633608815427013638554853969253599643707275390625
4.5711662075298438168147185933776199817657470703125
4.90358126721763110111851347028277814388275146484375
3.636363636363636242521124586346559226512908935546875
4.4756657483930215590817169868387281894683837890625
3.864095500459136633963908025179989635944366455078125
3.891643709825527874812678419402800500392913818359375
4.52525252525252508206676793633960187435150146484375
3.29476584022038565535694942809641361236572265625
4.932047750229568094937349087558686733245849609375
4.442607897153351359520456753671169281005859375
3.07346189164370997559672105126082897186279296875
3.128558310376492013205051989643834531307220458984375
5.04040404040404066421388051821850240230560302734375
4.9237832874196509891362438793294131755828857421875
2.991735537190082450109684941708110272884368896484375
4.65289256198347089821254485286772251129150390625
3.5050505050505051940490375272929668426513671875
3.286501377410468105466634369804523885250091552734375
4.0606060606060605522316109272651374340057373046875
5.2764003673094581614577691652812063694000244140625
3.510560146923783264583107666112482547760009765625
3.065197428833792425706405992968939244747161865234375
4.44903581267217607120301181566901504993438720703125
3.642791551882460954203679648344404995441436767578125
4.4453627180899903947874918230809271335601806640625
3.099173553719008378237731449189595878124237060546875
3.145087235996327112985682106227613985538482666015625
4.07346189164370997559672105126082897186279296875
4.27823691460055055557631931151263415813446044921875
3.24058769513314981480789356282912194728851318359375
3.8604224058769514016375978826545178890228271484375
3.46464646464646452983515700907446444034576416015625
5.29017447199265422597136421245522797107696533203125
4.53627180899908211131332791410386562347412109375
4.06244260789715294635016107349656522274017333984375
3.275482093663911964398494092165492475032806396484375
5.110192837465564963395081576891243457794189453125
4.92470156106519763028472880250774323940277099609375
4.52525252525252508206676793633960187435150146484375
4.34710743801652910178745514713227748870849609375
4.32690541781450832559130503796041011810302734375
3.71166207529843905632560563390143215656280517578125
3.849403122130394816480247754952870309352874755859375
4.9072543617998167775340334628708660602569580078125
3.3342516069788796784223450231365859508514404296875
2.853076216712580492895767747540958225727081298828125
3.626262626262626298512259381823241710662841796875
4.44628099173553703593597674625925719738006591796875
3.454545454545454585826291804551146924495697021484375
3.015610651974288458632145193405449390411376953125
5.34343434343434342537193515454418957233428955078125
5.2607897153351697028256239718757569789886474609375
5.17539026629935694501227771979756653308868408203125
4.3764921946740127367547756875865161418914794921875
4.39393939393939358950547102722339332103729248046875
3.068870523415978102121925985557027161121368408203125
4.32966023875114824903675980749540030956268310546875
4.1285583103764924572942618397064507007598876953125
5.15977961432506848638013252639211714267730712890625
3.69054178145087252715939030167646706104278564453125
4.21946740128558328564167823060415685176849365234375
4.04866850321395777001498572644777595996856689453125
3.90633608815427013638554853969253599643707275390625
4.15977961432506848638013252639211714267730712890625
4.85858585858585900751904773642309010028839111328125
5.3443526170798900665204200777225196361541748046875
4.953168044077134624103564419783651828765869140625
4.5895316804407713107138988561928272247314453125
3.320477502295684057997959826025180518627166748046875
3.983471074380165344308579733478836715221405029296875
3.853076216712580492895767747540958225727081298828125
3.973370064279155400299714528955519199371337890625
3.33700642791551871368938009254634380340576171875
5.22222222222222232090871330001391470432281494140625
3.831037649219467322581067492137663066387176513671875
2.96694214876033068861715946695767343044281005859375
2.955922865013774103459809339256025850772857666015625
4.132231404958677245531362132169306278228759765625
4.557392102846648640479543246328830718994140625
3.99632690541781432358448000741191208362579345703125
